   0.218951251707E+01  0.610092423850E+00
  0.235024425039E+01  0.451842830993E+00
  0.251097598659E+01  0.333701260280E+00
  0.267170773160E+01  0.245499776697E+00
  0.283243950151E+01  0.179651842875E+00
  0.299317133909E+01  0.130492427834E+00
  0.315390335273E+01  0.937910527671E-01
  0.331463579533E+01  0.663914354149E-01
  0.347536925844E+01  0.459354926094E-01
  0.363610497293E+01  0.306635528704E-01
  0.379684556041E+01  0.192620086494E-01
  0.395759594811E+01  0.107533002494E-01
               4        0.0088836
         4.01301        0.0083345
         4.02601       0.00779865
         4.03902       0.00727562
         4.05203         0.006765
         4.06503        0.0062664
         4.07804       0.00577945
         4.09105        0.0053038
         4.10405       0.00483908
         4.11706       0.00438498
         4.13007       0.00394117
         4.14307       0.00350732
         4.15608       0.00308318
         4.16908       0.00266849
         4.18209       0.00226267
          4.1951       0.00186602
          4.2081       0.00147863
         4.22111       0.00109585
         4.23412      0.000727479
         4.24712      0.000372514
         4.26013     -2.86692e-05
         4.27314     -0.000331334
         4.28614      -0.00068404
         4.29915      -0.00101747
         4.31216      -0.00134195
         4.32516       -0.0016599
         4.33817       -0.0019719
         4.35118      -0.00227825
         4.36418      -0.00257919
         4.37719      -0.00287495
          4.3902      -0.00316565
          4.4032       -0.0034514
         4.41621      -0.00373225
         4.42921      -0.00400822
         4.44222      -0.00427929
         4.45523      -0.00454546
         4.46823      -0.00480672
         4.48124      -0.00506307
         4.49425      -0.00531451
    4.511952e+00    -5.646116e-03
    4.558559e+00    -6.475628e-03
    4.605165e+00    -7.249759e-03
    4.651772e+00    -7.969768e-03
    4.698378e+00    -8.635702e-03
    4.744985e+00    -9.248746e-03
    4.791592e+00    -9.811138e-03
    4.838198e+00    -1.032546e-02
    4.884805e+00    -1.079418e-02
    4.931411e+00    -1.121945e-02
    4.978018e+00    -1.160323e-02
    5.024625e+00    -1.194735e-02
    5.071231e+00    -1.225360e-02
    5.117838e+00    -1.252374e-02
    5.164444e+00    -1.275953e-02
    5.211051e+00    -1.296265e-02
    5.257658e+00    -1.313473e-02
    5.304264e+00    -1.327732e-02
    5.350871e+00    -1.339191e-02
    5.397477e+00    -1.347989e-02
    5.444084e+00    -1.354262e-02
    5.490691e+00    -1.358141e-02
    5.537297e+00    -1.359751e-02
    5.583904e+00    -1.359215e-02
    5.630511e+00    -1.356649e-02
    5.677117e+00    -1.352169e-02
    5.723724e+00    -1.345885e-02
    5.770330e+00    -1.337901e-02
    5.816937e+00    -1.328320e-02
    5.863544e+00    -1.317238e-02
    5.910150e+00    -1.304747e-02
    5.956757e+00    -1.290938e-02
    6.003363e+00    -1.275896e-02
    6.049970e+00    -1.259702e-02
    6.096577e+00    -1.242436e-02
    6.143183e+00    -1.224175e-02
    6.189790e+00    -1.204991e-02
    6.236396e+00    -1.184957e-02
    6.283003e+00    -1.164140e-02
    6.329610e+00    -1.142607e-02
    6.376216e+00    -1.120422e-02
    6.422823e+00    -1.097646e-02
    6.469429e+00    -1.074338e-02
    6.516036e+00    -1.050554e-02
    6.562643e+00    -1.026350e-02
    6.609249e+00    -1.001777e-02
    6.655856e+00    -9.768841e-03
    6.702462e+00    -9.517201e-03
    6.749069e+00    -9.263304e-03
    6.795676e+00    -9.007588e-03
    6.842282e+00    -8.750474e-03
    6.888889e+00    -8.492364e-03
    6.935495e+00    -8.233645e-03
    6.982102e+00    -7.974688e-03
    7.028709e+00    -7.715849e-03
    7.075315e+00    -7.457467e-03
    7.121922e+00    -7.199869e-03
    7.168529e+00    -6.943364e-03
    7.215135e+00    -6.688250e-03
    7.261742e+00    -6.434808e-03
    7.308348e+00    -6.183303e-03
    7.354955e+00    -5.933987e-03
    7.401562e+00    -5.687098e-03
    7.448168e+00    -5.442859e-03
    7.494775e+00    -5.201478e-03
    7.541381e+00    -4.963149e-03
    7.587988e+00    -4.728054e-03
    7.634595e+00    -4.496361e-03
    7.681201e+00    -4.268226e-03
    7.727808e+00    -4.043792e-03
    7.774414e+00    -3.823190e-03
    7.821021e+00    -3.606540e-03
    7.867628e+00    -3.393950e-03
    7.914234e+00    -3.185517e-03
    7.960841e+00    -2.981327e-03
    8.007447e+00    -2.781456e-03
    8.054054e+00    -2.585969e-03
    8.100661e+00    -2.394921e-03
    8.147267e+00    -2.208357e-03
    8.193874e+00    -2.026313e-03
    8.240480e+00    -1.848814e-03
    8.287087e+00    -1.675878e-03
    8.333694e+00    -1.507515e-03
    8.380300e+00    -1.343725e-03
    8.426907e+00    -1.184502e-03
    8.473514e+00    -1.029835e-03
    8.520120e+00    -8.797026e-04
    8.566727e+00    -7.340811e-04
    8.613333e+00    -5.929394e-04
    8.659940e+00    -4.562411e-04
    8.706547e+00    -3.239448e-04
    8.753153e+00    -1.960042e-04
    8.799760e+00    -7.236788e-05
    8.846366e+00     4.702020e-05
    8.892973e+00     1.622209e-04
    8.939580e+00     2.732991e-04
    8.986186e+00     3.803247e-04
    9.032793e+00     4.833710e-04
    9.079399e+00     5.825151e-04
    9.126006e+00     6.778375e-04
    9.172613e+00     7.694210e-04
    9.219219e+00     8.573508e-04
    9.265826e+00     9.417130e-04
    9.312432e+00     1.022595e-03
    9.359039e+00     1.100083e-03
    9.405646e+00     1.174264e-03
    9.452252e+00     1.245222e-03
    9.498859e+00     1.313040e-03
    9.545465e+00     1.377798e-03
    9.592072e+00     1.439574e-03
    9.638679e+00     1.498442e-03
    9.685285e+00     1.554474e-03
    9.731892e+00     1.607740e-03
    9.778498e+00     1.658305e-03
    9.825105e+00     1.706235e-03
    9.871712e+00     1.751593e-03
    9.918318e+00     1.794444e-03
    9.964925e+00     1.834849e-03
    1.001153e+01     1.872876e-03
    1.005814e+01     1.908592e-03
    1.010474e+01     1.942063e-03
    1.015135e+01     1.973360e-03
    1.019796e+01     2.002550e-03
    1.024456e+01     2.029707e-03
    1.029117e+01     2.054922e-03
    1.033778e+01     2.078292e-03
    1.038438e+01     2.099916e-03
    1.043099e+01     2.119894e-03
    1.047760e+01     2.138341e-03
    1.052420e+01     2.155377e-03
    1.057081e+01     2.171121e-03
    1.061742e+01     2.185691e-03
    1.066402e+01     2.198994e-03
    1.071063e+01     2.210949e-03
    1.075724e+01     2.221622e-03
    1.080384e+01     2.231070e-03
    1.085045e+01     2.239352e-03
    1.089706e+01     2.246522e-03
    1.094366e+01     2.252633e-03
    1.099027e+01     2.257738e-03
    1.103688e+01     2.261884e-03
    1.108348e+01     2.265119e-03
    1.113009e+01     2.267487e-03
    1.117670e+01     2.269033e-03
    1.122330e+01     2.269797e-03
    1.126991e+01     2.269820e-03
    1.131652e+01     2.269139e-03
    1.136312e+01     2.267791e-03
    1.140973e+01     2.265812e-03
    1.145634e+01     2.263233e-03
    1.150294e+01     2.260088e-03
    1.154955e+01     2.256407e-03
    1.159616e+01     2.252219e-03
    1.164276e+01     2.247552e-03
    1.168937e+01     2.242434e-03
    1.173598e+01     2.236888e-03
    1.178258e+01     2.230940e-03
    1.182919e+01     2.224612e-03
    1.187580e+01     2.217928e-03
    1.192240e+01     2.210909e-03
    1.196901e+01     2.203576e-03
    1.201562e+01     2.195946e-03
    1.206222e+01     2.188037e-03
    1.210883e+01     2.179864e-03
    1.215544e+01     2.171446e-03
    1.220204e+01     2.162798e-03
    1.224865e+01     2.153939e-03
    1.229526e+01     2.144884e-03
    1.234186e+01     2.135649e-03
    1.238847e+01     2.126245e-03
    1.243508e+01     2.116680e-03
    1.248168e+01     2.106965e-03
    1.252829e+01     2.097110e-03
    1.257489e+01     2.087124e-03
    1.262150e+01     2.077019e-03
    1.266811e+01     2.066802e-03
    1.271471e+01     2.056485e-03
    1.276132e+01     2.046077e-03
    1.280793e+01     2.035589e-03
    1.285453e+01     2.025029e-03
    1.290114e+01     2.014407e-03
    1.294775e+01     2.003729e-03
    1.299435e+01     1.993001e-03
    1.304096e+01     1.982227e-03
    1.308757e+01     1.971414e-03
    1.313417e+01     1.960566e-03
    1.318078e+01     1.949689e-03
    1.322739e+01     1.938788e-03
    1.327399e+01     1.927869e-03
    1.332060e+01     1.916935e-03
    1.336721e+01     1.905991e-03
    1.341381e+01     1.895040e-03
    1.346042e+01     1.884087e-03
    1.350703e+01     1.873135e-03
    1.355363e+01     1.862188e-03
    1.360024e+01     1.851249e-03
    1.364685e+01     1.840324e-03
    1.369345e+01     1.829413e-03
    1.374006e+01     1.818520e-03
    1.378667e+01     1.807647e-03
    1.383327e+01     1.796795e-03
    1.387988e+01     1.785967e-03
    1.392649e+01     1.775165e-03
    1.397309e+01     1.764391e-03
    1.401970e+01     1.753648e-03
    1.406631e+01     1.742937e-03
    1.411291e+01     1.732261e-03
    1.415952e+01     1.721621e-03
    1.420613e+01     1.711020e-03
    1.425273e+01     1.700460e-03
    1.429934e+01     1.689940e-03
    1.434595e+01     1.679462e-03
    1.439255e+01     1.669027e-03
    1.443916e+01     1.658634e-03
    1.448577e+01     1.648286e-03
    1.453237e+01     1.637982e-03
    1.457898e+01     1.627723e-03
    1.462559e+01     1.617511e-03
    1.467219e+01     1.607346e-03
    1.471880e+01     1.597229e-03
    1.476541e+01     1.587160e-03
    1.481201e+01     1.577140e-03
    1.485862e+01     1.567170e-03
    1.490523e+01     1.557251e-03
    1.495183e+01     1.547383e-03
    1.499844e+01     1.537568e-03
    1.504505e+01     1.527806e-03
    1.509165e+01     1.518097e-03
    1.513826e+01     1.508443e-03
    1.518486e+01     1.498844e-03
    1.523147e+01     1.489300e-03
    1.527808e+01     1.479811e-03
    1.532468e+01     1.470376e-03
    1.537129e+01     1.460995e-03
    1.541790e+01     1.451669e-03
    1.546450e+01     1.442397e-03
    1.551111e+01     1.433180e-03
    1.555772e+01     1.424016e-03
    1.560432e+01     1.414906e-03
    1.565093e+01     1.405850e-03
    1.569754e+01     1.396848e-03
    1.574414e+01     1.387899e-03
    1.579075e+01     1.379004e-03
    1.583736e+01     1.370162e-03
    1.588396e+01     1.361374e-03
    1.593057e+01     1.352638e-03
    1.597718e+01     1.343956e-03
    1.602378e+01     1.335326e-03
    1.607039e+01     1.326749e-03
    1.611700e+01     1.318225e-03
    1.616360e+01     1.309754e-03
    1.621021e+01     1.301335e-03
    1.625682e+01     1.292968e-03
    1.630342e+01     1.284654e-03
    1.635003e+01     1.276392e-03
    1.639664e+01     1.268181e-03
    1.644324e+01     1.260023e-03
    1.648985e+01     1.251917e-03
    1.653646e+01     1.243862e-03
    1.658306e+01     1.235858e-03
    1.662967e+01     1.227907e-03
    1.667628e+01     1.220006e-03
    1.672288e+01     1.212157e-03
    1.676949e+01     1.204359e-03
    1.681610e+01     1.196612e-03
    1.686270e+01     1.188916e-03
    1.690931e+01     1.181270e-03
    1.695592e+01     1.173675e-03
    1.700252e+01     1.166131e-03
    1.704913e+01     1.158638e-03
    1.709574e+01     1.151194e-03
    1.714234e+01     1.143801e-03
    1.718895e+01     1.136457e-03
    1.723556e+01     1.129162e-03
    1.728216e+01     1.121917e-03
    1.732877e+01     1.114721e-03
    1.737538e+01     1.107573e-03
    1.742198e+01     1.100473e-03
    1.746859e+01     1.093422e-03
    1.751520e+01     1.086419e-03
    1.756180e+01     1.079463e-03
    1.760841e+01     1.072554e-03
    1.765502e+01     1.065693e-03
    1.770162e+01     1.058878e-03
    1.774823e+01     1.052110e-03
    1.779483e+01     1.045388e-03
    1.784144e+01     1.038712e-03
    1.788805e+01     1.032082e-03
    1.793465e+01     1.025497e-03
    1.798126e+01     1.018957e-03
    1.802787e+01     1.012463e-03
    1.807447e+01     1.006013e-03
    1.812108e+01     9.996075e-04
    1.816769e+01     9.932461e-04
    1.821429e+01     9.869287e-04
    1.826090e+01     9.806549e-04
    1.830751e+01     9.744245e-04
    1.835411e+01     9.682371e-04
    1.840072e+01     9.620927e-04
    1.844733e+01     9.559907e-04
    1.849393e+01     9.499311e-04
    1.854054e+01     9.439136e-04
    1.858715e+01     9.379378e-04
    1.863375e+01     9.320036e-04
    1.868036e+01     9.261106e-04
    1.872697e+01     9.202586e-04
    1.877357e+01     9.144474e-04
    1.882018e+01     9.086766e-04
    1.886679e+01     9.029460e-04
    1.891339e+01     8.972554e-04
    1.896000e+01     8.916045e-04
    1.900661e+01     8.859930e-04
    1.905321e+01     8.804208e-04
    1.909982e+01     8.748875e-04
    1.914643e+01     8.693931e-04
    1.919303e+01     8.639372e-04
    1.923964e+01     8.585196e-04
    1.928625e+01     8.531402e-04
    1.933285e+01     8.477986e-04
    1.937946e+01     8.424946e-04
    1.942607e+01     8.372280e-04
    1.947267e+01     8.319987e-04
    1.951928e+01     8.268063e-04
    1.956589e+01     8.216506e-04
    1.961249e+01     8.165314e-04
    1.965910e+01     8.114485e-04
    1.970571e+01     8.064016e-04
    1.975231e+01     8.013905e-04
    1.979892e+01     7.964150e-04
    1.984553e+01     7.914749e-04
    1.989213e+01     7.865699e-04
    1.993874e+01     7.816998e-04
    1.998535e+01     7.768644e-04
    2.003195e+01     7.720634e-04
    2.007856e+01     7.672966e-04
    2.012517e+01     7.625639e-04
    2.017177e+01     7.578649e-04
    2.021838e+01     7.531994e-04
    2.026498e+01     7.485672e-04
    2.031159e+01     7.439681e-04
    2.035820e+01     7.394018e-04
    2.040480e+01     7.348682e-04
    2.045141e+01     7.303669e-04
    2.049802e+01     7.258978e-04
    2.054462e+01     7.214607e-04
    2.059123e+01     7.170552e-04
    2.063784e+01     7.126813e-04
    2.068444e+01     7.083385e-04
    2.073105e+01     7.040268e-04
    2.077766e+01     6.997459e-04
    2.082426e+01     6.954956e-04
    2.087087e+01     6.912756e-04
    2.091748e+01     6.870858e-04
    2.096408e+01     6.829260e-04
    2.101069e+01     6.787959e-04
    2.105730e+01     6.746954e-04
    2.110390e+01     6.706243e-04
    2.115051e+01     6.665823e-04
    2.119712e+01     6.625694e-04
    2.124372e+01     6.585853e-04
    2.129033e+01     6.546297e-04
    2.133694e+01     6.507026e-04
    2.138354e+01     6.468036e-04
    2.143015e+01     6.429327e-04
    2.147676e+01     6.390896e-04
    2.152336e+01     6.352740e-04
    2.156997e+01     6.314860e-04
    2.161658e+01     6.277251e-04
    2.166318e+01     6.239913e-04
    2.170979e+01     6.202842e-04
    2.175640e+01     6.166039e-04
    2.180300e+01     6.129499e-04
    2.184961e+01     6.093223e-04
    2.189622e+01     6.057206e-04
    2.194282e+01     6.021448e-04
    2.198943e+01     5.985947e-04
    2.203604e+01     5.950700e-04
    2.208264e+01     5.915706e-04
    2.212925e+01     5.880962e-04
    2.217586e+01     5.846468e-04
    2.222246e+01     5.812219e-04
    2.226907e+01     5.778216e-04
    2.231568e+01     5.744456e-04
    2.236228e+01     5.710936e-04
    2.240889e+01     5.677655e-04
    2.245550e+01     5.644611e-04
    2.250210e+01     5.611803e-04
    2.254871e+01     5.579227e-04
    2.259532e+01     5.546882e-04
    2.264192e+01     5.514766e-04
    2.268853e+01     5.482878e-04
    2.273514e+01     5.451214e-04
    2.278174e+01     5.419775e-04
    2.282835e+01     5.388558e-04
    2.287495e+01     5.357561e-04
    2.292156e+01     5.326784e-04
    2.296817e+01     5.296224e-04
    2.301477e+01     5.265881e-04
    2.306138e+01     5.235752e-04
    2.310799e+01     5.205837e-04
    2.315459e+01     5.176133e-04
    2.320120e+01     5.146640e-04
    2.324781e+01     5.117355e-04
    2.329441e+01     5.088277e-04
    2.334102e+01     5.059405e-04
    2.338763e+01     5.030737e-04
    2.343423e+01     5.002272e-04
    2.348084e+01     4.974008e-04
    2.352745e+01     4.945944e-04
    2.357405e+01     4.918077e-04
    2.362066e+01     4.890408e-04
    2.366727e+01     4.862933e-04
    2.371387e+01     4.835652e-04
    2.376048e+01     4.808563e-04
    2.380709e+01     4.781665e-04
    2.385369e+01     4.754955e-04
    2.390030e+01     4.728434e-04
    2.394691e+01     4.702098e-04
    2.399351e+01     4.675947e-04
    2.404012e+01     4.649979e-04
    2.408673e+01     4.624192e-04
    2.413333e+01     4.598585e-04
    2.417994e+01     4.573157e-04
    2.422655e+01     4.547906e-04
    2.427315e+01     4.522831e-04
    2.431976e+01     4.497929e-04
    2.436637e+01     4.473200e-04
    2.441297e+01     4.448641e-04
    2.445958e+01     4.424253e-04
    2.450619e+01     4.400032e-04
    2.455279e+01     4.375977e-04
    2.459940e+01     4.352088e-04
    2.464601e+01     4.328362e-04
    2.469261e+01     4.304799e-04
    2.473922e+01     4.281397e-04
    2.478583e+01     4.258156e-04
    2.483243e+01     4.235074e-04
    2.487904e+01     4.212150e-04
    2.492565e+01     4.189383e-04
    2.497225e+01     4.166772e-04
    2.501886e+01     4.144316e-04
    2.506547e+01     4.122014e-04
    2.511207e+01     4.099864e-04
    2.515868e+01     4.077866e-04
    2.520529e+01     4.056018e-04
    2.525189e+01     4.034319e-04
    2.529850e+01     4.012769e-04
    2.534511e+01     3.991366e-04
    2.539171e+01     3.970108e-04
    2.543832e+01     3.948996e-04
    2.548492e+01     3.928027e-04
    2.553153e+01     3.907201e-04
    2.557814e+01     3.886516e-04
    2.562474e+01     3.865972e-04
    2.567135e+01     3.845567e-04
    2.571796e+01     3.825301e-04
    2.576456e+01     3.805171e-04
    2.581117e+01     3.785178e-04
    2.585778e+01     3.765319e-04
    2.590438e+01     3.745594e-04
    2.595099e+01     3.726002e-04
    2.599760e+01     3.706541e-04
    2.604420e+01     3.687211e-04
    2.609081e+01     3.668010e-04
    2.613742e+01     3.648937e-04
    2.618402e+01     3.629992e-04
    2.623063e+01     3.611172e-04
    2.627724e+01     3.592478e-04
    2.632384e+01     3.573907e-04
    2.637045e+01     3.555459e-04
    2.641706e+01     3.537132e-04
    2.646366e+01     3.518926e-04
    2.651027e+01     3.500839e-04
    2.655688e+01     3.482871e-04
    2.660348e+01     3.465021e-04
    2.665009e+01     3.447288e-04
    2.669670e+01     3.429671e-04
    2.674330e+01     3.412170e-04
    2.678991e+01     3.394783e-04
    2.683652e+01     3.377510e-04
    2.688312e+01     3.360350e-04
    2.692973e+01     3.343302e-04
    2.697634e+01     3.326366e-04
    2.702294e+01     3.309541e-04
    2.706955e+01     3.292826e-04
    2.711616e+01     3.276219e-04
    2.716276e+01     3.259721e-04
    2.720937e+01     3.243331e-04
    2.725598e+01     3.227047e-04
    2.730258e+01     3.210869e-04
    2.734919e+01     3.194797e-04
    2.739580e+01     3.178829e-04
    2.744240e+01     3.162964e-04
    2.748901e+01     3.147202e-04
    2.753562e+01     3.131543e-04
    2.758222e+01     3.115984e-04
    2.762883e+01     3.100526e-04
    2.767544e+01     3.085167e-04
    2.772204e+01     3.069907e-04
    2.776865e+01     3.054746e-04
    2.781526e+01     3.039681e-04
    2.786186e+01     3.024713e-04
    2.790847e+01     3.009841e-04
    2.795508e+01     2.995064e-04
    2.800168e+01     2.980380e-04
    2.804829e+01     2.965790e-04
    2.809489e+01     2.951293e-04
    2.814150e+01     2.936887e-04
    2.818811e+01     2.922572e-04
    2.823471e+01     2.908347e-04
    2.828132e+01     2.894212e-04
    2.832793e+01     2.880165e-04
    2.837453e+01     2.866206e-04
    2.842114e+01     2.852334e-04
    2.846775e+01     2.838548e-04
    2.851435e+01     2.824849e-04
    2.856096e+01     2.811235e-04
    2.860757e+01     2.797706e-04
    2.865417e+01     2.784261e-04
    2.870078e+01     2.770900e-04
    2.874739e+01     2.757622e-04
    2.879399e+01     2.744426e-04
    2.884060e+01     2.731313e-04
    2.888721e+01     2.718281e-04
    2.893381e+01     2.705330e-04
    2.898042e+01     2.692459e-04
    2.902703e+01     2.679669e-04
    2.907363e+01     2.666957e-04
    2.912024e+01     2.654324e-04
    2.916685e+01     2.641769e-04
    2.921345e+01     2.629292e-04
    2.926006e+01     2.616892e-04
    2.930667e+01     2.604568e-04
    2.935327e+01     2.592320e-04
    2.939988e+01     2.580148e-04
    2.944649e+01     2.568050e-04
    2.949309e+01     2.556026e-04
    2.953970e+01     2.544076e-04
    2.958631e+01     2.532199e-04
    2.963291e+01     2.520394e-04
    2.967952e+01     2.508662e-04
    2.972613e+01     2.497001e-04
    2.977273e+01     2.485410e-04
    2.981934e+01     2.473890e-04
    2.986595e+01     2.462439e-04
    2.991255e+01     2.451058e-04
    2.995916e+01     2.439745e-04
    3.000577e+01     2.428500e-04
    3.005237e+01     2.417323e-04
    3.009898e+01     2.406213e-04
    3.014559e+01     2.395168e-04
    3.019219e+01     2.384190e-04
    3.023880e+01     2.373277e-04
    3.028541e+01     2.362428e-04
    3.033201e+01     2.351644e-04
    3.037862e+01     2.340923e-04
    3.042523e+01     2.330266e-04
    3.047183e+01     2.319672e-04
    3.051844e+01     2.309141e-04
    3.056505e+01     2.298671e-04
    3.061165e+01     2.288264e-04
    3.065826e+01     2.277918e-04
    3.070486e+01     2.267633e-04
    3.075147e+01     2.257409e-04
    3.079808e+01     2.247245e-04
    3.084468e+01     2.237141e-04
    3.089129e+01     2.227096e-04
    3.093790e+01     2.217111e-04
    3.098450e+01     2.207184e-04
    3.103111e+01     2.197315e-04
    3.107772e+01     2.187504e-04
    3.112432e+01     2.177750e-04
    3.117093e+01     2.168054e-04
    3.121754e+01     2.158414e-04
    3.126414e+01     2.148830e-04
    3.131075e+01     2.139302e-04
    3.135736e+01     2.129830e-04
    3.140396e+01     2.120413e-04
    3.145057e+01     2.111050e-04
    3.149718e+01     2.101742e-04
    3.154378e+01     2.092487e-04
    3.159039e+01     2.083286e-04
    3.163700e+01     2.074138e-04
    3.168360e+01     2.065042e-04
    3.173021e+01     2.055999e-04
    3.177682e+01     2.047008e-04
    3.182342e+01     2.038068e-04
    3.187003e+01     2.029179e-04
    3.191664e+01     2.020341e-04
    3.196324e+01     2.011553e-04
    3.200985e+01     2.002814e-04
    3.205646e+01     1.994126e-04
    3.210306e+01     1.985486e-04
    3.214967e+01     1.976895e-04
    3.219628e+01     1.968352e-04
    3.224288e+01     1.959857e-04
    3.228949e+01     1.951410e-04
    3.233610e+01     1.943010e-04
    3.238270e+01     1.934658e-04
    3.242931e+01     1.926352e-04
    3.247592e+01     1.918093e-04
    3.252252e+01     1.909880e-04
    3.256913e+01     1.901714e-04
    3.261574e+01     1.893593e-04
    3.266234e+01     1.885517e-04
    3.270895e+01     1.877486e-04
    3.275556e+01     1.869501e-04
    3.280216e+01     1.861559e-04
    3.284877e+01     1.853662e-04
    3.289538e+01     1.845810e-04
    3.294198e+01     1.838000e-04
    3.298859e+01     1.830234e-04
    3.303520e+01     1.822512e-04
    3.308180e+01     1.814832e-04
    3.312841e+01     1.807194e-04
    3.317502e+01     1.799599e-04
    3.322162e+01     1.792046e-04
    3.326823e+01     1.784535e-04
    3.331483e+01     1.777064e-04
    3.336144e+01     1.769635e-04
    3.340805e+01     1.762247e-04
    3.345465e+01     1.754899e-04
    3.350126e+01     1.747592e-04
    3.354787e+01     1.740324e-04
    3.359447e+01     1.733096e-04
    3.364108e+01     1.725908e-04
    3.368769e+01     1.718758e-04
    3.373429e+01     1.711648e-04
    3.378090e+01     1.704575e-04
    3.382751e+01     1.697541e-04
    3.387411e+01     1.690545e-04
    3.392072e+01     1.683587e-04
    3.396733e+01     1.676666e-04
    3.401393e+01     1.669782e-04
    3.406054e+01     1.662935e-04
    3.410715e+01     1.656124e-04
    3.415375e+01     1.649350e-04
    3.420036e+01     1.642611e-04
    3.424697e+01     1.635909e-04
    3.429357e+01     1.629243e-04
    3.434018e+01     1.622612e-04
    3.438679e+01     1.616016e-04
    3.443339e+01     1.609455e-04
    3.448000e+01     1.602929e-04
    3.452661e+01     1.596438e-04
    3.457321e+01     1.589982e-04
    3.461982e+01     1.583559e-04
    3.466643e+01     1.577171e-04
    3.471303e+01     1.570816e-04
    3.475964e+01     1.564495e-04
    3.480625e+01     1.558208e-04
    3.485285e+01     1.551953e-04
    3.489946e+01     1.545732e-04
    3.494607e+01     1.539543e-04
    3.499267e+01     1.533387e-04
    3.503928e+01     1.527264e-04
    3.508589e+01     1.521172e-04
    3.513249e+01     1.515113e-04
    3.517910e+01     1.509085e-04
    3.522571e+01     1.503089e-04
    3.527231e+01     1.497124e-04
    3.531892e+01     1.491190e-04
    3.536553e+01     1.485287e-04
    3.541213e+01     1.479414e-04
    3.545874e+01     1.473572e-04
    3.550535e+01     1.467761e-04
    3.555195e+01     1.461979e-04
    3.559856e+01     1.456228e-04
    3.564517e+01     1.450505e-04
    3.569177e+01     1.444813e-04
    3.573838e+01     1.439149e-04
    3.578498e+01     1.433515e-04
    3.583159e+01     1.427909e-04
    3.587820e+01     1.422332e-04
    3.592480e+01     1.416783e-04
    3.597141e+01     1.411263e-04
    3.601802e+01     1.405770e-04
    3.606462e+01     1.400305e-04
    3.611123e+01     1.394868e-04
    3.615784e+01     1.389459e-04
    3.620444e+01     1.384077e-04
    3.625105e+01     1.378722e-04
    3.629766e+01     1.373395e-04
    3.634426e+01     1.368094e-04
    3.639087e+01     1.362820e-04
    3.643748e+01     1.357573e-04
    3.648408e+01     1.352352e-04
    3.653069e+01     1.347158e-04
    3.657730e+01     1.341990e-04
    3.662390e+01     1.336847e-04
    3.667051e+01     1.331731e-04
    3.671712e+01     1.326640e-04
    3.676372e+01     1.321575e-04
    3.681033e+01     1.316536e-04
    3.685694e+01     1.311521e-04
    3.690354e+01     1.306532e-04
    3.695015e+01     1.301567e-04
    3.699676e+01     1.296628e-04
    3.704336e+01     1.291713e-04
    3.708997e+01     1.286822e-04
    3.713658e+01     1.281956e-04
    3.718318e+01     1.277114e-04
    3.722979e+01     1.272296e-04
    3.727640e+01     1.267502e-04
    3.732300e+01     1.262731e-04
    3.736961e+01     1.257985e-04
    3.741622e+01     1.253261e-04
    3.746282e+01     1.248561e-04
    3.750943e+01     1.243884e-04
    3.755604e+01     1.239229e-04
    3.760264e+01     1.234598e-04
    3.764925e+01     1.229989e-04
    3.769586e+01     1.225403e-04
    3.774246e+01     1.220839e-04
    3.778907e+01     1.216297e-04
    3.783568e+01     1.211777e-04
    3.788228e+01     1.207279e-04
    3.792889e+01     1.202803e-04
    3.797550e+01     1.198348e-04
    3.802210e+01     1.193916e-04
    3.806871e+01     1.189504e-04
    3.811532e+01     1.185114e-04
    3.816192e+01     1.180745e-04
    3.820853e+01     1.176397e-04
    3.825514e+01     1.172070e-04
    3.830174e+01     1.167763e-04
    3.834835e+01     1.163478e-04
    3.839495e+01     1.159213e-04
    3.844156e+01     1.154969e-04
    3.848817e+01     1.150745e-04
    3.853477e+01     1.146541e-04
    3.858138e+01     1.142358e-04
    3.862799e+01     1.138194e-04
    3.867459e+01     1.134050e-04
    3.872120e+01     1.129927e-04
    3.876781e+01     1.125822e-04
    3.881441e+01     1.121738e-04
    3.886102e+01     1.117673e-04
    3.890763e+01     1.113627e-04
    3.895423e+01     1.109600e-04
    3.900084e+01     1.105593e-04
    3.904745e+01     1.101605e-04
    3.909405e+01     1.097635e-04
    3.914066e+01     1.093684e-04
    3.918727e+01     1.089752e-04
    3.923387e+01     1.085838e-04
    3.928048e+01     1.081943e-04
    3.932709e+01     1.078066e-04
    3.937369e+01     1.074207e-04
    3.942030e+01     1.070367e-04
    3.946691e+01     1.066544e-04
    3.951351e+01     1.062739e-04
    3.956012e+01     1.058952e-04
    3.960673e+01     1.055182e-04
    3.965333e+01     1.051430e-04
    3.969994e+01     1.047695e-04
    3.974655e+01     1.043977e-04
    3.979315e+01     1.040277e-04
    3.983976e+01     1.036594e-04
    3.988637e+01     1.032927e-04
    3.993297e+01     1.029278e-04
    3.997958e+01     1.025646e-04
    4.002619e+01     1.022030e-04
    4.007279e+01     1.018431e-04
    4.011940e+01     1.014848e-04
    4.016601e+01     1.011282e-04
    4.021261e+01     1.007732e-04
    4.025922e+01     1.004199e-04
    4.030583e+01     1.000681e-04
    4.035243e+01     9.971802e-05
    4.039904e+01     9.936951e-05
    4.044565e+01     9.902260e-05
    4.049225e+01     9.867728e-05
    4.053886e+01     9.833353e-05
    4.058547e+01     9.799135e-05
    4.063207e+01     9.765073e-05
    4.067868e+01     9.731166e-05
    4.072529e+01     9.697414e-05
    4.077189e+01     9.663815e-05
    4.081850e+01     9.630368e-05
    4.086511e+01     9.597073e-05
    4.091171e+01     9.563929e-05
    4.095832e+01     9.530935e-05
    4.100492e+01     9.498090e-05
    4.105153e+01     9.465393e-05
    4.109814e+01     9.432844e-05
    4.114474e+01     9.400441e-05
    4.119135e+01     9.368183e-05
    4.123796e+01     9.336071e-05
    4.128456e+01     9.304102e-05
    4.133117e+01     9.272276e-05
    4.137778e+01     9.240592e-05
    4.142438e+01     9.209049e-05
    4.147099e+01     9.177647e-05
    4.151760e+01     9.146384e-05
    4.156420e+01     9.115260e-05
    4.161081e+01     9.084274e-05
    4.165742e+01     9.053424e-05
    4.170402e+01     9.022711e-05
    4.175063e+01     8.992134e-05
    4.179724e+01     8.961691e-05
    4.184384e+01     8.931383e-05
    4.189045e+01     8.901209e-05
    4.193706e+01     8.871168e-05
    4.198366e+01     8.841259e-05
    4.203027e+01     8.811481e-05
    4.207688e+01     8.781835e-05
    4.212348e+01     8.752319e-05
    4.217009e+01     8.722933e-05
    4.221670e+01     8.693675e-05
    4.226330e+01     8.664546e-05
    4.230991e+01     8.635545e-05
    4.235652e+01     8.606670e-05
    4.240312e+01     8.577922e-05
    4.244973e+01     8.549299e-05
    4.249634e+01     8.520801e-05
    4.254294e+01     8.492428e-05
    4.258955e+01     8.464178e-05
    4.263616e+01     8.436051e-05
    4.268276e+01     8.408047e-05
    4.272937e+01     8.380164e-05
    4.277598e+01     8.352401e-05
    4.282258e+01     8.324759e-05
    4.286919e+01     8.297237e-05
    4.291580e+01     8.269834e-05
    4.296240e+01     8.242548e-05
    4.300901e+01     8.215381e-05
    4.305562e+01     8.188330e-05
    4.310222e+01     8.161395e-05
    4.314883e+01     8.134576e-05
    4.319544e+01     8.107872e-05
    4.324204e+01     8.081282e-05
    4.328865e+01     8.054806e-05
    4.333526e+01     8.028442e-05
    4.338186e+01     8.002191e-05
    4.342847e+01     7.976051e-05
    4.347508e+01     7.950022e-05
    4.352168e+01     7.924103e-05
    4.356829e+01     7.898294e-05
    4.361489e+01     7.872594e-05
    4.366150e+01     7.847003e-05
    4.370811e+01     7.821520e-05
    4.375471e+01     7.796144e-05
    4.380132e+01     7.770876e-05
    4.384793e+01     7.745714e-05
    4.389453e+01     7.720659e-05
    4.394114e+01     7.695708e-05
    4.398775e+01     7.670863e-05
    4.403435e+01     7.646123e-05
    4.408096e+01     7.621486e-05
    4.412757e+01     7.596953e-05
    4.417417e+01     7.572523e-05
    4.422078e+01     7.548196e-05
    4.426739e+01     7.523970e-05
    4.431399e+01     7.499846e-05
    4.436060e+01     7.475823e-05
    4.440721e+01     7.451900e-05
    4.445381e+01     7.428077e-05
    4.450042e+01     7.404353e-05
    4.454703e+01     7.380728e-05
    4.459363e+01     7.357202e-05
    4.464024e+01     7.333774e-05
    4.468685e+01     7.310442e-05
    4.473345e+01     7.287208e-05
    4.478006e+01     7.264070e-05
    4.482667e+01     7.241027e-05
    4.487327e+01     7.218080e-05
    4.491988e+01     7.195228e-05
    4.496649e+01     7.172470e-05
    4.501309e+01     7.149805e-05
    4.505970e+01     7.127234e-05
    4.510631e+01     7.104755e-05
    4.515291e+01     7.082369e-05
    4.519952e+01     7.060074e-05
    4.524613e+01     7.037870e-05
    4.529273e+01     7.015757e-05
    4.533934e+01     6.993734e-05
    4.538595e+01     6.971801e-05
    4.543255e+01     6.949956e-05
    4.547916e+01     6.928201e-05
    4.552577e+01     6.906534e-05
    4.557237e+01     6.884954e-05
    4.561898e+01     6.863463e-05
    4.566559e+01     6.842058e-05
    4.571219e+01     6.820740e-05
    4.575880e+01     6.799509e-05
    4.580541e+01     6.778363e-05
    4.585201e+01     6.757303e-05
    4.589862e+01     6.736328e-05
    4.594523e+01     6.715437e-05
    4.599183e+01     6.694631e-05
    4.603844e+01     6.673909e-05
    4.608505e+01     6.653271e-05
    4.613165e+01     6.632715e-05
    4.617826e+01     6.612242e-05
    4.622486e+01     6.591852e-05
    4.627147e+01     6.571543e-05
    4.631808e+01     6.551316e-05
    4.636468e+01     6.531170e-05
    4.641129e+01     6.511104e-05
    4.645790e+01     6.491119e-05
    4.650450e+01     6.471214e-05
    4.655111e+01     6.451388e-05
    4.659772e+01     6.431642e-05
    4.664432e+01     6.411974e-05
    4.669093e+01     6.392384e-05
    4.673754e+01     6.372872e-05
    4.678414e+01     6.353438e-05
    4.683075e+01     6.334080e-05
    4.687736e+01     6.314799e-05
    4.692396e+01     6.295595e-05
    4.697057e+01     6.276466e-05
    4.701718e+01     6.257413e-05
    4.706378e+01     6.238435e-05
    4.711039e+01     6.219531e-05
    4.715700e+01     6.200702e-05
    4.720360e+01     6.181947e-05
    4.725021e+01     6.163265e-05
    4.729682e+01     6.144656e-05
    4.734342e+01     6.126120e-05
    4.739003e+01     6.107656e-05
    4.743664e+01     6.089264e-05
    4.748324e+01     6.070944e-05
    4.752985e+01     6.052696e-05
    4.757646e+01     6.034518e-05
    4.762306e+01     6.016411e-05
    4.766967e+01     5.998375e-05
    4.771628e+01     5.980409e-05
    4.776288e+01     5.962513e-05
    4.780949e+01     5.944686e-05
    4.785610e+01     5.926929e-05
    4.790270e+01     5.909240e-05
    4.794931e+01     5.891620e-05
    4.799592e+01     5.874068e-05
    4.804252e+01     5.856584e-05
    4.808913e+01     5.839168e-05
    4.813574e+01     5.821818e-05
    4.818234e+01     5.804536e-05
    4.822895e+01     5.787320e-05
    4.827556e+01     5.770171e-05
    4.832216e+01     5.753088e-05
    4.836877e+01     5.736070e-05
    4.841538e+01     5.719117e-05
    4.846198e+01     5.702230e-05
    4.850859e+01     5.685407e-05
    4.855520e+01     5.668649e-05
    4.860180e+01     5.651955e-05
    4.864841e+01     5.635324e-05
    4.869502e+01     5.618757e-05
    4.874162e+01     5.602252e-05
    4.878823e+01     5.585811e-05
    4.883483e+01     5.569432e-05
    4.888144e+01     5.553115e-05
    4.892805e+01     5.536860e-05
    4.897465e+01     5.520666e-05
    4.902126e+01     5.504534e-05
    4.906787e+01     5.488462e-05
    4.911447e+01     5.472451e-05
    4.916108e+01     5.456500e-05
    4.920769e+01     5.440609e-05
    4.925429e+01     5.424777e-05
    4.930090e+01     5.409005e-05
    4.934751e+01     5.393292e-05
    4.939411e+01     5.377638e-05
    4.944072e+01     5.362043e-05
    4.948733e+01     5.346506e-05
    4.953393e+01     5.331027e-05
    4.958054e+01     5.315606e-05
    4.962715e+01     5.300242e-05
    4.967375e+01     5.284937e-05
    4.972036e+01     5.269688e-05
    4.976697e+01     5.254496e-05
    4.981357e+01     5.239361e-05
    4.986018e+01     5.224282e-05
    4.990679e+01     5.209259e-05
    4.995339e+01     5.194292e-05
    5.000000e+01     5.179381e-05
    5.100000e+01     4.872375e-05
    5.295095e+01     4.337966e-05
    5.490190e+01     3.876695e-05
    5.685285e+01     3.476327e-05
    5.880380e+01     3.125836e-05
    6.075475e+01     2.818889e-05
    6.270571e+01     2.550109e-05
    6.465666e+01     2.314118e-05
    6.660761e+01     2.105545e-05
    6.855856e+01     1.919778e-05
    7.050951e+01     1.753725e-05
    7.246046e+01     1.604476e-05
    7.441141e+01     1.469119e-05
    7.636236e+01     1.344777e-05
    7.831331e+01     1.229793e-05
    8.026426e+01     1.124121e-05
    8.221522e+01     1.027823e-05
    8.416617e+01     9.409600e-06
    8.611712e+01     8.635945e-06
    8.806807e+01     7.957881e-06
    9.001902e+01     7.376026e-06
    9.196997e+01     6.890999e-06
    9.392092e+01     6.503418e-06
    9.587187e+01     6.200827e-06
    9.782282e+01     5.862368e-06
    9.977377e+01     5.518587e-06
    1.017247e+02     5.209002e-06
    1.036757e+02     4.919899e-06
    1.056266e+02     4.652439e-06
    1.075776e+02     4.403839e-06
    1.095285e+02     4.172691e-06
    1.114795e+02     3.957426e-06
    1.134304e+02     3.756721e-06
    1.153814e+02     3.569361e-06
    1.173323e+02     3.394256e-06
    1.192833e+02     3.230420e-06
    1.212342e+02     3.076960e-06
    1.231852e+02     2.933069e-06
    1.251361e+02     2.798012e-06
    1.270871e+02     2.671120e-06
    1.290380e+02     2.551787e-06
    1.309890e+02     2.439458e-06
    1.329399e+02     2.333626e-06
    1.348909e+02     2.233829e-06
    1.368418e+02     2.139641e-06
    1.387928e+02     2.050676e-06
    1.407437e+02     1.966575e-06
    1.426947e+02     1.887010e-06
    1.446456e+02     1.811681e-06
    1.465966e+02     1.740308e-06
    1.485475e+02     1.672635e-06
    1.504985e+02     1.608427e-06
    1.524494e+02     1.547463e-06
    1.544004e+02     1.489541e-06
    1.563514e+02     1.434474e-06
    1.583023e+02     1.382089e-06
    1.602533e+02     1.332224e-06
    1.622042e+02     1.284729e-06
    1.641552e+02     1.239465e-06
    1.661061e+02     1.196302e-06
    1.680571e+02     1.155121e-06
    1.700080e+02     1.115808e-06
    1.719590e+02     1.078260e-06
    1.739099e+02     1.042377e-06
    1.758609e+02     1.008069e-06
    1.778118e+02     9.752499e-07
    1.797628e+02     9.438403e-07
    1.817137e+02     9.137652e-07
    1.836647e+02     8.849544e-07
    1.856156e+02     8.573422e-07
    1.875666e+02     8.308669e-07
    1.895175e+02     8.054705e-07
    1.914685e+02     7.810988e-07
    1.934194e+02     7.577004e-07
    1.953704e+02     7.352273e-07
    1.973213e+02     7.136343e-07
    1.992723e+02     6.928786e-07
    2.012232e+02     6.729200e-07
    2.031742e+02     6.537207e-07
    2.051251e+02     6.352449e-07
    2.070761e+02     6.174588e-07
    2.090270e+02     6.003305e-07
    2.109780e+02     5.838299e-07
    2.129289e+02     5.679286e-07
    2.148799e+02     5.525995e-07
    2.168308e+02     5.378171e-07
    2.187818e+02     5.235574e-07
    2.207327e+02     5.097973e-07
    2.226837e+02     4.965152e-07
    2.246346e+02     4.836905e-07
    2.265856e+02     4.713038e-07
    2.285365e+02     4.593364e-07
    2.304875e+02     4.477707e-07
    2.324384e+02     4.365901e-07
    2.343894e+02     4.257787e-07
    2.363403e+02     4.153213e-07
    2.382913e+02     4.052035e-07
    2.402422e+02     3.954118e-07
    2.421932e+02     3.859330e-07
    2.441441e+02     3.767548e-07
    2.460951e+02     3.678653e-07
    2.480460e+02     3.592533e-07
    2.499970e+02     3.509081e-07
    2.519479e+02     3.428193e-07
    2.538989e+02     3.349772e-07
    2.558498e+02     3.273725e-07
    2.578008e+02     3.199963e-07
    2.597518e+02     3.128400e-07
    2.617027e+02     3.058955e-07
    2.636537e+02     2.991551e-07
    2.656046e+02     2.926112e-07
    2.675556e+02     2.862568e-07
    2.695065e+02     2.800851e-07
    2.714575e+02     2.740895e-07
    2.734084e+02     2.682638e-07
    2.753594e+02     2.626021e-07
    2.773103e+02     2.570986e-07
    2.792613e+02     2.517478e-07
    2.812122e+02     2.465444e-07
    2.831632e+02     2.414835e-07
    2.851141e+02     2.365602e-07
    2.870651e+02     2.317697e-07
    2.890160e+02     2.271078e-07
    2.909670e+02     2.225700e-07
    2.929179e+02     2.181524e-07
    2.948689e+02     2.138508e-07
    2.968198e+02     2.096617e-07
    2.987708e+02     2.055812e-07
    3.007217e+02     2.016060e-07
 
